spawns: 
  default: 
    world: spawn
    x: 305.4348317709664
    y: 31.0
    z: 127.43388954463673
    yaw: 0.6821289
    pitch: 0.44997817
  nuevo: 
    world: spawn
    x: 305.4135778787654
    y: 31.0
    z: 112.39896599917401
    yaw: -0.2298464
    pitch: -2.2151372
