socialspy: false
timestamps:
  login: 1404094071297
  lastteleport: 1403897497584
  logout: 1404094104371
ipAddress: 201.215.1.235
lastlocation:
  world: Otros
  x: 568.968338372269
  y: 41.0
  z: 1252.6396008812223
  yaw: -262.00763
  pitch: 15.608732
logoutlocation:
  world: Otros
  x: 579.7348898142474
  y: 41.0
  z: 1252.3142906407022
  yaw: -172.15764
  pitch: 25.34999
money: '4030.0'
homes:
  home:
    world: Otros
    x: 697.3034777211949
    y: 5.0
    z: 1607.997756847954
    yaw: -77.69889
    pitch: 39.09631
ban:
  reason: '§4Banned:

    §rThe Ban Hammer has spoken!'
  timeout: 0
