uuid: ed6dc499-6c86-3b39-9062-d6c602e3e5c5
timestamps:
  login: 1397362700831
ipAddress: 201.160.151.31
lastlocation:
  world: Otros
  x: 645.0440253270087
  y: 4.0
  z: 1189.2204676818649
  yaw: -257.85425
  pitch: 13.050014
