timestamps:
  login: 1421898943186
  lastteleport: 1421899542072
ipAddress: 190.54.254.116
lastlocation:
  world: Spawn
  x: 305.4348317709664
  y: 31.0
  z: 127.43388954463673
  yaw: 0.6821289
  pitch: 0.44997817
nickname: Rabajiin_
