socialspy: false
timestamps:
  login: 1404520226948
  lastteleport: 1404521032941
  logout: 1404521058373
ipAddress: 190.44.144.195
lastlocation:
  world: spawn
  x: 305.5
  y: 33.0
  z: 129.5
  yaw: -180.07704
  pitch: 0.7669026
logoutlocation:
  world: spawn
  x: 305.5
  y: 33.0
  z: 129.5
  yaw: -187.12703
  pitch: 36.916897
