socialspy: false
timestamps:
  login: 1403572139683
  logout: 1403572145842
ipAddress: 201.235.214.84
lastlocation:
  world: world
  x: -6.0
  y: 153.0
  z: 15.0
  yaw: 0.0
  pitch: 0.0
logoutlocation:
  world: Otros
  x: 571.5
  y: 41.0
  z: 1252.5
  yaw: -0.8737056
  pitch: 6.900007
