socialspy: false
timestamps:
  login: 1398466217231
  logout: 1398466220522
ipAddress: 189.159.78.205
lastlocation:
  world: world
  x: -6.0
  y: 153.0
  z: 15.0
  yaw: 0.0
  pitch: 0.0
logoutlocation:
  world: Otros
  x: 571.5
  y: 41.0
  z: 1252.5
  yaw: -1.3237056
  pitch: 8.100007
