socialspy: false
timestamps:
  login: 1397784510045
  logout: 1397784526077
ipAddress: 200.59.247.131
lastlocation:
  world: world
  x: -6.0
  y: 153.0
  z: 15.0
  yaw: 0.0
  pitch: 0.0
logoutlocation:
  world: Otros
  x: 571.6920603232004
  y: 41.0
  z: 1242.579213365457
  yaw: 168.02623
  pitch: -0.44997296
