uuid: 3aaa66de-4015-3078-85ef-9f934511fa16
timestamps:
  login: 1406764230221
  lastteleport: 1404946095024
  logout: 1406764233265
ipAddress: 186.79.156.85
lastlocation:
  world: Capital
  x: 562.8670141362963
  y: 69.8107967361296
  z: 325.0297255790058
  yaw: 274.0956
  pitch: 21.149988
logoutlocation:
  world: Otros
  x: 515.090423183885
  y: 10.397579728530346
  z: 1668.907786011483
  yaw: 89.04199
  pitch: 28.499952
socialspy: false
nickname: §1§liCreepah
