socialspy: false
timestamps:
  login: 1404501574782
  lastteleport: 1404501895976
ipAddress: 186.107.244.24
lastlocation:
  world: Otros
  x: 546.8490079686181
  y: 48.5
  z: 1467.2295666401728
  yaw: 255.15076
  pitch: 19.49998
