socialspy: false
timestamps:
  login: 1404938938273
  logout: 1404938940134
ipAddress: 186.104.139.68
lastlocation:
  world: world
  x: -6.0
  y: 153.0
  z: 15.0
  yaw: 0.0
  pitch: 0.0
logoutlocation:
  world: spawn
  x: 305.5
  y: 32.0
  z: 129.5
  yaw: -180.07704
  pitch: 0.7669026
