socialspy: false
timestamps:
  login: 1404523122524
  lastteleport: 1404523097158
  logout: 1404523166499
ipAddress: 186.35.16.45
lastlocation:
  world: spawn
  x: 305.5
  y: 33.0
  z: 129.5
  yaw: -180.07704
  pitch: 0.7669026
logoutlocation:
  world: Otros
  x: 641.9014432709943
  y: 7.277639927561331
  z: 1244.323315812468
  yaw: -2.5060587
  pitch: 52.551323
