uuid: a9e1f9e4-3299-3a1a-9080-76b0fcccd395
timestamps:
  login: 1403897665231
  logout: 1403897903765
  lastteleport: 1403897675559
ipAddress: 201.189.9.30
lastlocation:
  world: pvp
  x: 693.6999999880791
  y: 24.0
  z: -411.6227787389176
  yaw: 87.33086
  pitch: 26.549984
logoutlocation:
  world: Otros
  x: 404.3339812539387
  y: 35.10660878319101
  z: 1180.7039214142835
  yaw: 62.46234
  pitch: 48.899986
nickname: §4§lNesral
socialspy: false
